GRAFOS_FORMA_MATRICIAL = [[], [[0]], [[0, 77], [77, 0]], [[0, 82, 29], [82, 0, 13], [29, 13, 0]], [[0, 95, 58, 95], [95, 0, 2, 38], [58, 2, 0, 64], [95, 38, 64, 0]], [[0, 29, 50, 80, 41], [29, 0, 48, 26, 51], [50, 48, 0, 22, 89], [80, 26, 22, 0, 97], [41, 51, 89, 97, 0]], [[0, 88, 33, 23, 23, 100], [88, 0, 91, 19, 75, 20], [33, 91, 0, 20, 27, 39], [23, 19, 20, 0, 67, 38], [23, 75, 27, 67, 0, 88], [100, 20, 39, 38, 88, 0]], [[0, 51, 62, 9, 88, 78, 17], [51, 0, 84, 22, 14, 82, 77], [62, 84, 0, 15, 72, 1, 38], [9, 22, 15, 0, 23, 12, 56], [88, 14, 72, 23, 0, 2, 62], [78, 82, 1, 12, 2, 0, 54], [17, 77, 
38, 56, 62, 54, 0]], [[0, 82, 43, 33, 38, 33, 58, 99], [82, 0, 64, 5, 23, 1, 86, 32], [43, 64, 0, 65, 98, 88, 97, 49], [33, 5, 65, 0, 75, 73, 49, 92], [38, 23, 98, 75, 0, 39, 4, 73], [33, 1, 88, 73, 39, 0, 94, 10], [58, 86, 97, 49, 
4, 94, 0, 94], [99, 32, 49, 92, 73, 10, 94, 0]], [[0, 1, 71, 68, 42, 73, 72, 65, 56], [1, 0, 63, 40, 48, 9, 46, 74, 
27], [71, 63, 0, 14, 35, 11, 16, 95, 12], [68, 40, 14, 0, 87, 27, 61, 49, 48], [42, 48, 35, 87, 0, 78, 89, 32, 66], 
[73, 9, 11, 27, 78, 0, 93, 84, 65], [72, 46, 16, 61, 89, 93, 0, 3, 70], [65, 74, 95, 49, 32, 84, 3, 0, 73], [56, 27, 12, 48, 66, 65, 70, 73, 0]], [[0, 53, 100, 58, 79, 2, 21, 79, 88, 9], [53, 0, 13, 61, 27, 61, 40, 73, 47, 6], [100, 13, 0, 78, 8, 41, 17, 88, 48, 34], [58, 61, 78, 0, 5, 17, 35, 56, 64, 9], [79, 27, 8, 5, 0, 39, 32, 49, 3, 87], [2, 61, 41, 17, 39, 0, 83, 50, 81, 35], [21, 40, 17, 35, 32, 83, 0, 18, 25, 10], [79, 73, 88, 56, 49, 50, 18, 0, 29, 39], [88, 47, 48, 64, 3, 81, 25, 29, 0, 69], [9, 6, 34, 9, 87, 35, 10, 39, 69, 0]], [[0, 42, 99, 27, 85, 5, 44, 31, 20, 49, 24], [42, 0, 20, 90, 94, 52, 99, 44, 64, 98, 15], [99, 20, 0, 38, 47, 92, 62, 38, 91, 98, 30], [27, 90, 38, 0, 16, 15, 18, 29, 54, 11, 23], [85, 94, 47, 16, 0, 18, 77, 53, 29, 33, 33], [5, 52, 92, 15, 18, 0, 71, 18, 98, 87, 65], [44, 99, 62, 18, 77, 71, 0, 3, 61, 37, 72], [31, 44, 38, 29, 53, 18, 3, 0, 46, 77, 16], [20, 64, 91, 54, 29, 98, 
61, 46, 0, 20, 86], [49, 98, 98, 11, 33, 87, 37, 77, 20, 0, 40], [24, 15, 30, 23, 33, 65, 72, 16, 86, 40, 0]], [[0, 
5, 53, 2, 25, 77, 100, 35, 48, 51, 32, 58], [5, 0, 83, 73, 12, 42, 42, 11, 8, 77, 75, 20], [53, 83, 0, 2, 71, 49, 73, 44, 32, 51, 36, 36], [2, 73, 2, 0, 3, 91, 80, 85, 54, 47, 94, 88], [25, 12, 71, 3, 0, 56, 18, 33, 28, 60, 100, 48], [77, 42, 49, 91, 56, 0, 93, 41, 40, 97, 9, 31], [100, 42, 73, 80, 18, 93, 0, 56, 93, 35, 98, 49], [35, 11, 44, 85, 33, 41, 56, 0, 65, 6, 59, 49], [48, 8, 32, 54, 28, 40, 93, 65, 0, 62, 26, 27], [51, 77, 51, 47, 60, 97, 35, 6, 62, 
0, 64, 75], [32, 75, 36, 94, 100, 9, 98, 59, 26, 64, 0, 87], [58, 20, 36, 88, 48, 31, 49, 49, 27, 75, 87, 0]], [[0, 
91, 49, 54, 55, 24, 38, 82, 64, 90, 11, 40, 25], [91, 0, 100, 76, 9, 33, 39, 91, 31, 2, 6, 51, 13], [49, 100, 0, 45, 93, 81, 35, 53, 73, 72, 26, 44, 26], [54, 76, 45, 0, 11, 83, 77, 11, 96, 31, 30, 26, 72], [55, 9, 93, 11, 0, 78, 58, 74, 88, 77, 35, 36, 2], [24, 33, 81, 83, 78, 0, 29, 47, 12, 78, 95, 18, 11], [38, 39, 35, 77, 58, 29, 0, 3, 55, 58, 96, 55, 81], [82, 91, 53, 11, 74, 47, 3, 0, 44, 29, 84, 22, 13], [64, 31, 73, 96, 88, 12, 55, 44, 0, 27, 26, 31, 32], [90, 2, 72, 31, 77, 78, 58, 29, 27, 0, 13, 88, 69], [11, 6, 26, 30, 35, 95, 96, 84, 26, 13, 0, 74, 85], [40, 51, 44, 26, 36, 18, 55, 22, 31, 88, 74, 0, 10], [25, 13, 26, 72, 2, 11, 81, 13, 32, 69, 85, 10, 0]], [[0, 73, 16, 54, 93, 75, 85, 95, 69, 39, 88, 45, 36, 5], [73, 0, 69, 5, 83, 5, 51, 59, 28, 35, 70, 60, 97, 10], [16, 69, 0, 4, 74, 59, 95, 12, 100, 10, 22, 34, 78, 44], [54, 5, 4, 0, 72, 75, 95, 11, 86, 73, 26, 2, 43, 54], [93, 83, 74, 72, 0, 12, 53, 94, 62, 93, 10, 61, 74, 4], [75, 5, 59, 75, 12, 0, 82, 48, 91, 76, 31, 20, 94, 85], [85, 51, 95, 95, 53, 82, 0, 55, 26, 86, 37, 12, 2, 60], [95, 59, 12, 11, 94, 48, 55, 0, 19, 94, 9, 45, 11, 6], [69, 28, 100, 86, 62, 91, 26, 19, 0, 59, 98, 93, 80, 85], [39, 35, 10, 73, 93, 76, 86, 94, 59, 0, 25, 10, 61, 4], [88, 70, 22, 26, 10, 31, 37, 9, 98, 25, 0, 29, 28, 86], [45, 60, 34, 2, 61, 20, 12, 45, 93, 10, 29, 0, 90, 18], [36, 97, 78, 43, 74, 94, 2, 11, 80, 61, 28, 90, 0, 53], [5, 10, 44, 54, 4, 85, 60, 6, 85, 4, 86, 18, 53, 0]], [[0, 53, 72, 100, 35, 4, 91, 97, 63, 44, 90, 66, 72, 54, 93], [53, 0, 20, 32, 44, 20, 48, 36, 61, 84, 38, 96, 62, 70, 98], [72, 20, 0, 43, 64, 70, 17, 50, 63, 74, 74, 23, 65, 35, 84], [100, 32, 43, 0, 71, 90, 96, 69, 68, 68, 53, 15, 85, 95, 97], [35, 44, 64, 71, 0, 86, 18, 51, 56, 67, 10, 45, 2, 60, 22], [4, 20, 70, 90, 86, 0, 31, 81, 97, 21, 11, 48, 3, 23, 73], [91, 48, 17, 96, 18, 31, 0, 34, 85, 3, 42, 23, 6, 99, 58], [97, 36, 50, 69, 51, 81, 34, 0, 7, 32, 82, 41, 100, 2, 6], [63, 61, 63, 68, 56, 97, 85, 
7, 0, 52, 15, 72, 73, 38, 11], [44, 84, 74, 68, 67, 21, 3, 32, 52, 0, 92, 35, 8, 79, 47], [90, 38, 74, 53, 10, 11, 42, 82, 15, 92, 0, 97, 13, 81, 16], [66, 96, 23, 15, 45, 48, 23, 41, 72, 35, 97, 0, 82, 7, 67], [72, 62, 65, 85, 2, 3, 6, 100, 73, 8, 13, 82, 0, 12, 31], [54, 70, 35, 95, 60, 23, 99, 2, 38, 79, 81, 7, 12, 0, 63], [93, 98, 84, 97, 22, 73, 58, 6, 11, 47, 16, 67, 31, 63, 0]], [[0, 42, 81, 74, 5, 96, 86, 35, 60, 47, 71, 78, 99, 82, 99, 35], [42, 0, 95, 17, 14, 84, 67, 59, 13, 35, 95, 16, 81, 82, 64, 43], [81, 95, 0, 37, 31, 70, 87, 32, 95, 95, 69, 24, 94, 66, 39, 77], [74, 17, 37, 0, 61, 60, 28, 73, 86, 23, 3, 29, 52, 69, 55, 76], [5, 14, 31, 61, 0, 99, 100, 47, 35, 8, 71, 50, 70, 2, 45, 88], [96, 84, 70, 60, 99, 0, 96, 53, 4, 4, 75, 90, 1, 10, 28, 95], [86, 67, 87, 28, 100, 96, 0, 48, 42, 3, 13, 55, 75, 74, 67, 45], [35, 59, 32, 73, 47, 53, 48, 0, 68, 50, 29, 35, 62, 85, 69, 69], [60, 13, 95, 86, 35, 4, 42, 68, 0, 76, 52, 23, 57, 49, 85, 43], [47, 35, 95, 23, 8, 4, 3, 50, 76, 0, 58, 87, 46, 13, 30, 37], [71, 95, 69, 3, 71, 75, 13, 29, 52, 58, 0, 56, 61, 26, 65, 72], [78, 16, 24, 29, 50, 90, 55, 35, 23, 87, 56, 0, 93, 98, 96, 84], [99, 81, 94, 52, 70, 1, 75, 62, 57, 46, 61, 93, 0, 18, 54, 88], [82, 82, 66, 69, 2, 10, 74, 85, 49, 13, 26, 98, 18, 0, 87, 69], [99, 64, 39, 55, 45, 28, 67, 69, 85, 30, 65, 96, 54, 87, 0, 55], [35, 43, 77, 76, 88, 95, 45, 69, 43, 37, 
72, 84, 88, 69, 55, 0]], [[0, 65, 79, 95, 21, 38, 7, 87, 21, 57, 85, 33, 20, 21, 40, 75, 1], [65, 0, 1, 7, 53, 10, 70, 62, 44, 91, 55, 83, 19, 72, 82, 21, 48], [79, 1, 0, 46, 10, 58, 13, 67, 73, 37, 47, 28, 36, 42, 40, 69, 3], [95, 
7, 46, 0, 83, 73, 23, 84, 5, 7, 35, 98, 17, 100, 79, 77, 35], [21, 53, 10, 83, 0, 40, 41, 27, 70, 73, 38, 24, 92, 68, 28, 93, 2], [38, 10, 58, 73, 40, 0, 40, 66, 65, 8, 62, 13, 44, 22, 62, 35, 43], [7, 70, 13, 23, 41, 40, 0, 85, 82, 92, 86, 43, 7, 75, 49, 48, 89], [87, 62, 67, 84, 27, 66, 85, 0, 18, 22, 9, 72, 99, 31, 24, 2, 4], [21, 44, 73, 5, 70, 65, 82, 18, 0, 80, 64, 2, 28, 82, 50, 22, 50], [57, 91, 37, 7, 73, 8, 92, 22, 80, 0, 6, 63, 63, 28, 34, 59, 10], 
[85, 55, 47, 35, 38, 62, 86, 9, 64, 6, 0, 57, 62, 68, 83, 93, 34], [33, 83, 28, 98, 24, 13, 43, 72, 2, 63, 57, 0, 92, 76, 30, 53, 80], [20, 19, 36, 17, 92, 44, 7, 99, 28, 63, 62, 92, 0, 52, 53, 29, 14], [21, 72, 42, 100, 68, 22, 75, 31, 82, 28, 68, 76, 52, 0, 100, 47, 56], [40, 82, 40, 79, 28, 62, 49, 24, 50, 34, 83, 30, 53, 100, 0, 62, 90], [75, 21, 69, 77, 93, 35, 48, 2, 22, 59, 93, 53, 29, 47, 62, 0, 20], [1, 48, 3, 35, 2, 43, 89, 4, 50, 10, 34, 80, 14, 56, 90, 20, 0]], [[0, 66, 11, 16, 48, 37, 18, 11, 23, 1, 30, 8, 99, 89, 9, 88, 5, 63], [66, 0, 44, 83, 32, 92, 31, 85, 
70, 83, 52, 89, 17, 49, 89, 45, 94, 30], [11, 44, 0, 6, 10, 2, 65, 29, 13, 10, 84, 30, 39, 15, 36, 90, 41, 22], [16, 83, 6, 0, 83, 85, 54, 31, 56, 65, 32, 81, 99, 71, 7, 49, 75, 22], [48, 32, 10, 83, 0, 41, 42, 70, 78, 14, 57, 22, 13, 49, 6, 13, 69, 31], [37, 92, 2, 85, 41, 0, 33, 25, 63, 47, 54, 61, 67, 99, 50, 1, 63, 74], [18, 31, 65, 54, 42, 33, 0, 12, 43, 80, 56, 85, 72, 29, 68, 71, 36, 15], [11, 85, 29, 31, 70, 25, 12, 0, 49, 93, 14, 77, 51, 5, 11, 26, 30, 21], [23, 70, 13, 56, 78, 63, 43, 49, 0, 58, 42, 81, 90, 33, 15, 8, 34, 49], [1, 83, 10, 65, 14, 47, 80, 93, 58, 0, 93, 55, 3, 47, 33, 60, 60, 11], [30, 52, 84, 32, 57, 54, 56, 14, 42, 93, 0, 99, 92, 12, 16, 10, 57, 3], [8, 89, 30, 81, 22, 61, 85, 77, 81, 55, 99, 0, 12, 17, 43, 4, 74, 65], [99, 17, 39, 99, 13, 67, 72, 51, 90, 3, 92, 12, 0, 94, 
7, 41, 60, 38], [89, 49, 15, 71, 49, 99, 29, 5, 33, 47, 12, 17, 94, 0, 88, 84, 33, 18], [9, 89, 36, 7, 6, 50, 68, 11, 15, 33, 16, 43, 7, 88, 0, 97, 95, 55], [88, 45, 90, 49, 13, 1, 71, 26, 8, 60, 10, 4, 41, 84, 97, 0, 20, 94], [5, 94, 41, 75, 69, 63, 36, 30, 34, 60, 57, 74, 60, 33, 95, 20, 0, 48], [63, 30, 22, 22, 31, 74, 15, 21, 49, 11, 3, 65, 38, 18, 55, 94, 48, 0]], [[0, 97, 45, 92, 65, 68, 48, 61, 83, 7, 68, 5, 26, 72, 20, 54, 17, 70, 39], [97, 0, 87, 87, 
71, 15, 16, 71, 6, 73, 61, 15, 59, 70, 83, 72, 83, 28, 42], [45, 87, 0, 41, 25, 62, 23, 24, 75, 39, 19, 1, 69, 32, 87, 73, 93, 88, 31], [92, 87, 41, 0, 46, 16, 67, 32, 44, 59, 50, 55, 61, 25, 29, 50, 53, 86, 84], [65, 71, 25, 46, 0, 62, 52, 57, 89, 97, 33, 54, 4, 72, 61, 53, 60, 88, 69], [68, 15, 62, 16, 62, 0, 1, 79, 53, 55, 80, 81, 81, 45, 19, 
36, 54, 37, 59], [48, 16, 23, 67, 52, 1, 0, 33, 68, 77, 6, 45, 83, 91, 10, 33, 92, 19, 28], [61, 71, 24, 32, 57, 79, 33, 0, 4, 26, 5, 41, 8, 3, 88, 24, 89, 37, 69], [83, 6, 75, 44, 89, 53, 68, 4, 0, 23, 82, 59, 80, 10, 95, 5, 90, 95, 42], [7, 73, 39, 59, 97, 55, 77, 26, 23, 0, 16, 3, 22, 3, 16, 69, 25, 28, 74], [68, 61, 19, 50, 33, 80, 6, 5, 82, 
16, 0, 77, 29, 60, 40, 74, 71, 47, 38], [5, 15, 1, 55, 54, 81, 45, 41, 59, 3, 77, 0, 79, 64, 93, 14, 3, 78, 86], [26, 59, 69, 61, 4, 81, 83, 8, 80, 22, 29, 79, 0, 81, 67, 28, 18, 46, 73], [72, 70, 32, 25, 72, 45, 91, 3, 10, 3, 60, 64, 81, 0, 93, 12, 76, 55, 66], [20, 83, 87, 29, 61, 19, 10, 88, 95, 16, 40, 93, 67, 93, 0, 16, 83, 78, 85], [54, 72, 73, 50, 53, 36, 33, 24, 5, 69, 74, 14, 28, 12, 16, 0, 35, 81, 25], [17, 83, 93, 53, 60, 54, 92, 89, 90, 25, 71, 3, 
18, 76, 83, 35, 0, 39, 47], [70, 28, 88, 86, 88, 37, 19, 37, 95, 28, 47, 78, 46, 55, 78, 81, 39, 0, 1], [39, 42, 31, 84, 69, 59, 28, 69, 42, 74, 38, 86, 73, 66, 85, 25, 47, 1, 0]], [[0, 50, 55, 5, 29, 22, 12, 92, 56, 93, 99, 17, 92, 42, 9, 30, 93, 93, 42, 93], [50, 0, 49, 95, 89, 18, 89, 68, 63, 95, 72, 56, 91, 15, 68, 94, 63, 93, 86, 72], [55, 49, 0, 18, 54, 10, 73, 83, 22, 42, 61, 59, 45, 72, 13, 1, 97, 38, 84, 99], [5, 95, 18, 0, 20, 8, 55, 16, 60, 63, 57, 
11, 91, 30, 12, 53, 91, 19, 63, 36], [29, 89, 54, 20, 0, 79, 21, 14, 66, 79, 55, 54, 85, 59, 35, 49, 57, 64, 14, 21], [22, 18, 10, 8, 79, 0, 54, 52, 80, 43, 6, 52, 58, 82, 25, 7, 78, 12, 65, 88], [12, 89, 73, 55, 21, 54, 0, 85, 30, 
2, 12, 27, 21, 3, 97, 7, 58, 90, 43, 37], [92, 68, 83, 16, 14, 52, 85, 0, 76, 61, 59, 23, 21, 27, 69, 100, 86, 9, 48, 73], [56, 63, 22, 60, 66, 80, 30, 76, 0, 48, 81, 16, 93, 87, 79, 66, 4, 78, 53, 14], [93, 95, 42, 63, 79, 43, 2, 61, 48, 0, 73, 44, 8, 56, 42, 17, 83, 11, 5, 45], [99, 72, 61, 57, 55, 6, 12, 59, 81, 73, 0, 86, 81, 99, 83, 90, 14, 
32, 12, 10], [17, 56, 59, 11, 54, 52, 27, 23, 16, 44, 86, 0, 16, 31, 11, 68, 43, 56, 8, 41], [92, 91, 45, 91, 85, 58, 21, 21, 93, 8, 81, 16, 0, 69, 29, 62, 89, 51, 93, 21], [42, 15, 72, 30, 59, 82, 3, 27, 87, 56, 99, 31, 69, 0, 51, 
91, 96, 70, 38, 74], [9, 68, 13, 12, 35, 25, 97, 69, 79, 42, 83, 11, 29, 51, 0, 64, 92, 33, 55, 1], [30, 94, 1, 53, 
49, 7, 7, 100, 66, 17, 90, 68, 62, 91, 64, 0, 32, 74, 44, 76], [93, 63, 97, 91, 57, 78, 58, 86, 4, 83, 14, 43, 89, 96, 92, 32, 0, 100, 24, 26], [93, 93, 38, 19, 64, 12, 90, 9, 78, 11, 32, 56, 51, 70, 33, 74, 100, 0, 52, 22], [42, 86, 84, 63, 14, 65, 43, 48, 53, 5, 12, 8, 93, 38, 55, 44, 24, 52, 0, 57], [93, 72, 99, 36, 21, 88, 37, 73, 14, 45, 10, 41, 21, 74, 1, 76, 26, 22, 57, 0]]]

NODO_INICIAL = 0
TAMAÑO_GRAFO_MAS_GRANDE = len(GRAFOS_FORMA_MATRICIAL[-1])
TAMAÑO_GRAFO = 12